25 10 20
1.1 0.025 0.015
1 0 13 12.8 6.4 5 C 3 
2 2 28 14.2 7.1 3 C 2 
3 2 44 9.5 5.8 3 B 5 
4 1 9 11.8 6.4 1 B 4 
5 1 25 6.2 4.2 5 A 2 
6 1 40 8.5 5.8 3 D 5 
7 0 6 17.8 6.5 3 D 4 
8 0 21 19.2 4.3 1 C 2 
9 0 37 14.5 5.8 1 B 1 
10 2 20 16.8 3.6 4 B 4 
11 2 36 11.2 4.3 4 A 3 
12 1 1 13.5 2.9 1 D 4 
13 1 17 8.8 3.6 1 D 2 
14 1 32 10.2 1.3 4 C 1 
15 0 48 20.6 2.1 4 B 4 
16 0 13 7.9 1.7 2 B 3 
17 2 28 16.3 1.4 2 A 1 
18 2 44 18.6 10.1 5 A 5 
19 2 9 13.9 10.8 4 D 3 
20 1 25 15.3 9.4 2 C 2 
21 1 40 10.6 9.2 2 C 5 
22 0 6 12.9 8.8 5 B 3 
23 0 21 7.3 9.5 5 A 2 
24 0 37 9.6 7.3 3 A 5 
25 2 20 19.9 8.8 3 D 4 
26 2 36 6.3 6.6 5 C 2 
27 2 1 15.6 7.3 5 C 1 
28 1 17 17.9 7.9 3 B 4 
29 1 32 12.3 6.7 3 B 3 
30 0 48 14.6 6.3 1 A 1 
31 0 13 9.9 5.1 4 D 4 
32 2 29 11.3 6.7 4 D 3 
33 1 44 6.6 4.4 1 C 1 
34 1 10 8.9 5.1 1 B 5 
35 0 25 18.3 3.8 4 B 3 
36 0 41 20.6 4.4 4 A 2 
37 0 6 14.9 2.2 2 D 5 
38 2 22 16.3 3.8 2 D 4 
39 2 37 11.6 1.5 4 C 2 
40 1 21 13.9 2.3 4 C 5 
41 1 36 8.3 1.8 2 B 4 
42 1 2 10.6 1.6 2 A 2 
43 0 17 20.9 10.3 5 A 1 
44 0 33 7.3 10.9 5 D 4 
45 0 48 17.6 9.7 3 C 3 
46 2 14 19.9 9.3 2 C 1 
47 2 29 13.4 8.1 5 B 5 
48 1 45 15.7 8.7 5 A 3 
49 1 10 10.1 7.4 3 A 1 
50 1 26 12.4 8.1 3 D 5 
51 0 41 7.7 8.8 1 C 3 
52 0 7 9.1 7.4 1 C 2 
53 2 22 19.4 7.2 3 B 5 
54 2 38 6.7 6.8 3 B 4 
55 2 21 16.1 6.5 1 A 2 
56 1 37 18.4 5.3 1 D 1 
57 1 2 12.7 6.8 4 D 4 
58 0 18 14.1 4.6 4 C 2 
59 0 33 9.4 5.3 2 B 1 
60 0 49 11.7 3.9 4 B 4 
-1