20 7 10
0.9 0.035 0.009
1 0 23 6.4 9.9 2 C 4 
2 0 39 15.7 9.6 4 B 3 
3 0 4 17.1 8.3 4 B 1 
4 2 20 12.4 8.9 2 A 5 
5 2 35 14.7 7.7 2 D 3 
6 1 1 9.1 7.3 5 D 2 
7 1 16 11.4 6.1 5 C 5 
8 1 32 6.7 6.7 3 B 3 
9 0 47 8.1 5.4 2 B 2 
10 0 13 18.4 6.2 5 A 5 
11 2 46 20.7 4.7 5 D 2 
12 2 12 14.1 5.5 3 D 5 
13 2 27 16.4 3.2 3 C 4 
14 1 43 11.7 4.8 1 C 2 
15 1 8 13.1 2.6 1 B 5 
16 0 24 8.4 3.2 3 A 4 
17 0 39 10.7 1.9 3 A 2 
18 0 5 20.1 2.6 1 D 1 
19 2 20 7.4 1.3 1 C 4 
20 2 36 17.7 1.9 4 C 3 
21 2 1 18.1 2.7 4 B 1 
22 1 17 13.4 10.3 2 A 5 
23 1 32 15.7 1.1 1 A 3 
24 0 48 10.1 9.7 4 D 1 
25 0 13 12.4 10.4 4 D 5 
26 0 47 7.7 9.2 2 C 3 
27 2 12 9.1 9.7 5 B 2 
28 1 28 19.4 8.5 5 B 5 
29 0 43 6.7 8.2 3 A 4 
30 0 9 16.1 7.8 2 D 2 
31 0 24 17.4 7.6 5 D 1 
32 2 40 12.7 6.2 5 C 4 
33 2 5 14.1 6.9 3 B 2 
34 1 21 9.5 5.6 3 B 1 
35 1 36 11.8 6.3 1 A 4 
36 1 2 6.2 4.9 5 D 3 
37 0 17 8.5 5.7 3 D 1 
38 0 32 18.8 3.3 3 C 5 
39 0 48 20.2 4.1 1 C 3 
40 2 13 15.5 2.7 1 B 2 
-1